0000000000000110   1110011100001010   
1100111100001001   1011100011100101   
1010010110000010   1001010110010011   
1000100111000000   1000001001110110   
1000000000000001   1000001001110101   
1000100110111011   1001010110010000   
1010010101111001   1011100011100000   
1100111011111110   1110011100000011   
0000000000000000   0001100011110101   
0011000011111001   0100011100011010   
0101101001111111   0110101001101100   
0111011001000000   0111110110001001   
0111111111111110   0111110110001010   
0111011001000011   0110101001101111   
0101101010000100   0100011100011111   
0011000011111110   0001100011111100   
0000000000000011

